236603
976189
58188
949348
161805
265073
277726
500595
628261
920126
416639
21200
144094
17906
67527
58736
760674
500627
438184
175935
524060
402565
155471
459439
53904
410394
724761
536301
947819
922105
333261
411356
841877
569645
193690
717486
223650
449477
891546
656510
44857
704483
659167
869089
946092
277274
290595
216455
444245
531895
623769
384375
780319
456482
444735
870530
645565
517964
59399
221162
639595
160864
82129
912657
835975
911229
610470
490636
87267
64536
497932
85608
869415
769724
961640
213537
299635
752553
31527
475515
45522
998094
78274
917559
837153
997780
767517
64379
187683
990275
649866
55510
288832
332063
285326
584676
271104
333564
344958
60650
578295
715678
763720
297662
903557
171549
420688
223821
349892
266284
384241
325770
419429
246166
820911
476366
389331
947051
771509
209560
212009
343301
143895
593547
475736
833387
158515
430933
199409
851663
763932
295014
410634
78667
71523
746889
996302
411301
950761
212122
224268
981554
591824
311878
446655
175941
46535
716236
720763
621041
670598
731854
661907
42461
632113
157884
591070
370005
548292
389404
604519
311157
142802
153483
296216
224096
61391
606883
558624
632046
578222
174572
803300
289966
507128
473272
537477
765317
791811
843874
42791
965352
780665
450507
791673
638147
342527
23163
648072
313236
699425
196325
102630
415422
44665
989867
136810
883287
785741
393209
472545
818548
161230
742458
198603
766014
291655
756791
155100
724347
652166
749120
164507
978540
918661
812145
710392
155158
10798
259839
51408
375633
510379
472645
913114
131617
149
638979
797853
155596
977585
933639
894745
501163
35396
43576
437827
687868
852722
901961
858537
778220
49520
171972
995099
827627
164968
722354
70319
236043
426288
738117
823153
102466
777123
533141
598664
975627
988028
788735
964320
157128
932025
186062
454720
463631
85229
973749
856662
624561
518908
298938
365017
79165
550794
404763
378239
155016
489041
474901
399799
538345
653894
792045
785806
679618
925211
418184
74967
675910
216633
137406
578617
110848
501034
404037
347463
954774
741356
378499
697867
589583
453775
319105
131925
247247
737208
29497
758487
76808
738326
278629
580711
885756
431662
43762
202337
557875
730157
648167
389911
716255
706029
836039
360510
378117
701523
150012
820675
904109
403528
644873
417326
260886
307884
618322
958270
540080
124351
190342
179741
372538
490469
881994
970451
673179
244182
887905
373258
393641
526077
200586
772316
257442
170981
716022
909084
931613
436680
656186
556509
641352
789403
203424
197146
767286
609078
912841
105691
651439
633040
901275
115710
366302
268797
795261
668439
25691
571761
136170
690736
806039
402621
209775
450211
937806
704705
801811
886735
769673
830598
33046
447847
619847
709115
440358
165778
541281
391056
727865
438991
638778
110958
888887
632420
999301
621084
610367
427158
211417
815383
322030
649731
450433
890185
889302
738625
52718
763389
608810
785191
772035
676183
825541
269110
643884
765622
519823
825168
738271
560222
618777
86197
479665
405066
470345
382751
593784
561600
918425
707734
808309
397449
165609
316163
908351
633406
177019
896920
612960
951509
726414
773564
496987
496338
416927
741589
99932
480833
616365
184949
722180
500821
365011
118160
757106
484809
966506
933004
808406
876436
324892
380032
124827
538292
698716
752118
893811
552927
602766
255655
782012
107912
186198
128433
419926
718434
780258
493319
691781
347520
57536
103654
117494
418352
636592
747681
973791
116096
150192
921505
284984
792118
62396
567296
374537
208483
550024
898076
276062
995463
878737
112974
192247
192691
115274
745964
113316
462061
77542
413482
179582
307010
876657
336966
927695
921263
633326
548167
995236
586056
229614
549233
486659
507495
701214
135312
104602
756910
890422
412178
418721
372128
712497
900536
640027
474840
174791
236054
868061
440056
606544
901332
622798
152655
275744
792995
220110
340929
196643
191828
121839
978588
866966
902483
227475
88912
457405
326109
378188
714643
538507
966522
335322
785059
342657
118964
659709
520682
283604
98506
256274
472823
595256
509663
627065
359091
498579
494593
877158
289909
894103
207387
289834
500684
732156
607560
393352
228661
598608
36182
210773
274578
726244
500485
161272
142311
297204
542837
476558
483089
127093
481245
135463
115917
344012
482805
94946
837269
613950
748693
914010
958487
576557
257342
901157
359532
91714
317504
354468
366722
447484
239260
760367
946863
24777
931085
442212
261036
874492
195204
838564
191474
951133
20553
594116
900928
215266
689142
980611
115275
709035
22681
862656
649488
907960
434746
782218
690404
932837
530844
569055
675770
482828
53591
771626
890107
930394
820368
738781
458950
846883
591635
227163
542575
141236
263341
338693
689634
971027
448179
548403
444923
992953
27805
722366
51387
367843
79519
771576
35326
122605
242389
878592
409480
38321
953766
773891
418366
610656
499829
47792
134067
887047
753801
946870
692005
86829
171457
22030
641437
957946
752121
635327
334142
310463
509608
976575
749686
226443
614298
436525
872527
102346
926043
994408
114101
98958
627074
533114
183914
310674
151862
539808
832731
216921
492587
593816
546603
830707
208013
13139
294084
640062
381999
417432
5128
565825
245394
176163
476581
992486
899811
418581
696668
617156
349659
675691
203317
695112
974387
257704
535796
919548
348245
113131
305914
979319
460730
403190
57543
3628
505757
108426
257669
979205
418316
180109
278291
556814
748729
589138
598907
833628
609788
907877
149854
980583
721914
98905
396387
394268
755573
58271
554155
196957
545651
264194
53807
832200
474998
975584
814247
544073
617466
684305
21910
163049
646232
592292
381977
718889
180969
416742
344365
469552
125400
746469
703430
374458
671229
918609
519568
390410
379450
161284
260351
159911
38196
774355
858686
265597
607895
882254
439064
703160
348373
791224
376716
180834
355277
984560
187970
279524
969819
75941
266028
37721
449228
660541
390552
683887
556704
519686
170818
691059
338257
376626
502854
129656
867013
713106
806060
141193
548895
649279
282735
834710
170630
689099
946028
746729
33592
131154
372780
322691
634930
48340
445136
431789
638768
121519
89546
367403
611102
960978
747782
901978
786669
319065
18917
938736
186861
257679
294100
954564
735210
620626
920641
470476
719798
324145
334948
70862
456710
35898
4709
263498
320518
795493
932160
612662
259463
336095
858043
862264
415847
110326
339055
109521
765339
883619
172039
798209
589764
829068
531354
320069
752093
200130
949830
180524
873363
247125
390139
978003
670856
222017
56698
232984
535020
240626
926156
392226
357268
865150
817896
24914
208068
471013
978730
360644
568967
474845
865198
325024
885681
44449
22734
178401
502662
972366
586823
718773
911297
472997
73520
873903
370792
25876
344955
873077
597779
316759
192401
189723
450746
371592
90883
106606
519661
199623
764230
240577
758904
490013
129874
229550
840207
986009
543795
226795
647268
202444
566211
953685
258638
781971
449230
59287
172184
394616
393370
41697
292762
81243
218304
260782
42693
997090
285183
764166
648395
815294
337413
48144
320290
556205
890851
163263
369306
286182
103286
71886
812383
214695
840018
84123
310103
961968
283881
891510
278500
687695
723701
928023
229309
896694
607601
899114
151302
867725
32645
605927
461039
100388
228963
68744
463719
21309
406793
226589
691074
529293
393990
605235
69027
150272
577861
640350
836742
492494
760088
293860
42444
982342
71552
77916
409910
178343
212836
110857
360846
228538
76822
772814
28527
692559
566066
444984
571436
198920
886617
636902
934537
469604
231836
101497
180722
603656
967877
770198
474609
169911
803283
112526
921921
382913
28123
829492
505018
207785
506113
261580
891905
706989
411803
54585
593149
868234
643361
144976
788064
867158
781630
56683
705474
565766
483302
539256
120978
638068
318445
310386
795475
174117
521806
821217
330528
834153
607747
658859
334891
513133
688141
195943
191112
205326
971817
41225
367779
17493
857173
528282
755869
521374
253458
81830
109276
331686
981096
644511
360313
679784
960677
142996
459566
76635
260285
73438
882581
938366
241208
936008
58463
315587
35553
330008
540444
921848
371617
809506
667128
310363
503032
9521
994544
880779
317754
390122
730835
3788
928112
156823
422800
791361
451697
337104
950337
290109
766288
602422
532673
276489
694837
590855
569252
542404
986504
216219
186028
1088
197650
644695
871032
54513
936468
319627
425541
148971
163685
49850
71465
24690
289676
818110
212148
823766
578701
575569
391275
459196
970265
968723
109761
733076
415393
189447
598293
906269
464560
81022
486494
312894
350009
297418
719773
244358
597091
864770
540914
528370
149202
488594
942851
843279
674071
584108
607314
947412
663796
366979
944731
292881
878762
655456
745785
325186
800719
920317
24106
551082
940857
835156
580850
860420
935160
275685
441427
801566
395947
682926
716713
488557
972092
622159
318036
531201
201337
558479
827645
62104
669624
542749
292788
338182
80925
11204
698818
35172
896191
991004
889694
764144
734551
56590
75888
317018
209454
672070
211245
6972
966165
498110
170896
288523
516810
643672
139430
715752
860363
149584
67553
585882
605759
539381
700155
195273
368281
540572
70753
147389
16934
934719
626575
254755
51541
446120
253129
192045
73424
26042
443064
623907
276873
372258
65776
252824
877091
972824
583858
329172
854249
949907
900719
122782
735896
965875
159097
674005
967800
42403
919506
588796
795830
327177
985838
499214
261480
255623
295287
125568
616856
721461
412754
212915
110405
454773
255002
301639
54347
865284
284634
674355
433960
838134
953831
509494
85814
956299
116395
391841
888238
95645
265773
773470
157302
413576
176238
652223
913063
188967
32277
811979
214646
419225
713692
137895
902786
329722
175069
234734
831842
182254
10675
306957
720252
803894
349852
740931
752122
807517
282334
313189
879765
392885
494296
451024
716881
145742
709320
524707
987596
275576
706746
52517
673436
25070
44264
763641
447493
460692
381355
269339
324649
820192
302629
233912
13883
995147
420817
274700
511788
402068
21726
730149
506870
421524
649672
58935
106555
129418
451573
128029
890853
216652
259139
436692
929034
692536
827409
344784
962509
233296
228700
331923
705388
300682
566058
928357
94108
488244
190165
214486
232446
916206
826964
184660
834546
992620
126694
78774
725894
981726
383614
284618
683201
704053
632292
152623
794611
361078
162181
106146
20647
95348
196506
603881
605749
20468
121627
660958
5453
280622
124600
872339
583489
313096
373103
832057
227765
117383
255218
896344
418968
598766
566406
805002
48023
211827
595562
426273
259685
329344
607355
14503
843159
294679
358370
821124
693787
661639
712348
647650
832766
6175
655485
209861
547937
121161
654980
746033
764222
731325
279566
665726
577030
833387
814508
731245
498407
760404
588486
89598
839879
363597
297053
741746
456631
714624
496255
827575
927011
261973
967834
513778
964558
873269
969765
658309
235089
997592
706357
665009
760371
766072
232453
677225
166995
83108
576353
146795
322125
153441
83968
777596
477468
841309
888408
319455
213150
307150
359186
882575
981244
445432
325601
574642
344615
325416
570420
817602
493964
577011
401101
679904
910737
68822
203454
729232
185691
288192
521559
52730
764892
187329
971001
254269
492700
429895
841261
984874
173763
623656
566475
222192
355266
312827
909392
432453
211902
924609
106458
534226
827506
105289
836391
363322
540507
669471
502001
3984
39898
839880
335269
810423
951906
333347
456921
367483
85906
800614
529880
718298
855206
943416
655488
374437
651244
492619
864535
389694
828742
957308
972425
858059
107588
358524
797963
840136
471409
895386
214901
947232
352159
898787
219529
650599
47664
392482
989188
132742
890383
877624
686720
971864
839922
499686
773929
728385
530938
851894
650329
178888
697271
263082
177460
378089
590787
347173
807376
299479
864
833840
658399
651821
692382
623439
601689
748806
154069
622898
696701
445865
76062
122188
678209
89742
749363
303464
516667
857205
847688
367485
789471
508769
764191
785909
983873
437047
734940
305337
251320
448150
494432
642099
224764
245167
735221
808982
549838
367297
446811
840066
850645
924568
503962
352046
112568
919745
80558
64910
407088
95095
454185
657252
574500
926862
113783
348138
815257
724944
316490
465210
92945
405413
91519
205169
123410
780646
343229
436038
395276
563304
50031
989549
844868
378953
431416
595933
279659
116331
405982
712415
522983
868124
186021
671521
231284
498469
649222
147093
934130
751510
348602
116677
665232
539214
24390
641199
516542
132892
75809
629720
62006
963733
149265
692441
195791
410905
268085
483260
922867
635025
436694
9333
766959
278975
521023
44673
39533
802059
262152
474348
389108
697548
300070
452072
46387
743798
50440
154534
549346
396992
623928
528806
603267
106255
842676
263463
61842
642394
882752
668950
843013
918235
448756
768370
281390
445602
414366
606899
910345
741071
990566
157650
731616
145185
114995
696091
517268
658731
497762
736433
774693
291595
670628
565060
445095
846813
230557
701721
782434
72682
960894
793427
834294
272483
572940
163620
507897
93792
809467
556099
920778
672113
664942
225501
2118
187035
533258
20861
600847
329338
423992
213442
472389
65926
677308
652723
836915
333521
243121
154110
936463
64441
913041
477767
452266
937039
447714
640268
391353
903626
324661
789949
305466
349573
542685
294393
485887
414266
211758
746170
183697
808530
388430
143411
362951
410703
95791
788148
9162
46985
706574
351381
420343
458767
833909
854000
113840
343959
735501
921945
228430
109854
615659
898117
405248
186640
430827
178706
738305
283576
146446
324841
219516
200057
337450
59188
215911
872967
506173
559597
537938
407018
147465
516865
45570
319114
12321
130567
29326
69534
2233
615735
660667
856173
913786
314636
72847
332724
797029
223254
379694
363070
895131
613278
514681
643152
103186
559952
852654
274805
180452
67197
416697
445772
835319
247851
155817
804124
491907
692945
466500
977140
460177
914846
312078
803413
240001
130437
35566
67286
368848
858494
159675
957048
101069
927158
95830
738589
15502
750207
43791
635999
571936
753042
334963
47263
563553
869618
763565
669366
182582
239410
846703
51501
74045
898933
571283
491626
794699
66034
715021
10071
721294
878388
791062
609699
817339
382280
659478
916143
127242
526440
801057
100559
230437
641463
664074
253317
668668
762125
706255
897983
22811
451973
172974
424351
530381
932075
18175
956086
23291
104369
3909
647757
352669
940921
53288
987695
131989
20574
603664
243461
552760
211421
563742
367184
643245
489449
649969
135908
787731
159365
321986
960245
692649
702462
290211
91506
570242
658414
995121
97189
857569
283808
499798
676995
748680
791276
665356
641703
593975
221263
141630
176337
419736
36173
779657
123610
501879
347221
312992
735916
854127
921358
144727
202004
377569
293764
477361
821343
185140
95448
822686
304266
632852
151298
695957
663867
934839
707667
428330
146791
939875
897185
997527
750391
934266
969592
380625
984878
894624
28969
554737
568281
831605
778818
119078
862060
83063
736223
871655
754683
176287
324974
159897
833297
180908
375683
629211
519748
17146
669823
137351
121748
621383
976267
184160
714154
59240
395719
652509
435501
924849
993741
971922
193564
686592
550467
834545
218435
36
559194
224852
196083
577104
281700
9031
438536
598666
21163
484834
293569
211047
750138
763184
627308
633589
668156
362757
103569
305998
138677
999771
275542
255101
136488
877291
355924
98798
833005
279362
363545
420966
157753
491534
96530
439021
139499
864938
758036
192703
980927
658463
780494
858675
227463
403304
443277
144038
16010
284771
757881
139268
335261
104553
70592
76989
989267
27553
187487
410102
663738
613832
108285
706860
174562
749425
727544
480556
795334
508900
953086
99510
70929
775056
446998
934378
923570
502501
724576
422568
233441
815717
276951
495384
655177
980304
105660
6841
832600
558345
979133
311709
655867
463206
515019
804981
916895
951734
46691
99671
950822
947007
101552
81549
283826
164869
172351
538522
262258
843025
536175
571933
326616
41036
919964
913786
368952
419927
342967
407147
216990
626235
17685
769603
106422
230092
559478
817363
308814
11544
254493
249418
291473
993081
845123
999083
703070
296474
306511
879576
551127
804265
766949
559205
501514
953992
945548
781803
763486
338459
883648
633782
394588
257749
989500
688268
576864
926394
421558
120099
878507
718220
42751
676856
263569
996119
790468
457785
577158
666804
544424
244481
986000
391945
922430
47958
856340
225598
893299
192715
405269
510290
433355
709007
161027
905429
450472
812702
446337
24783
905028
533422
280775
985852
34277
25259
948712
212273
164289
132142
54039
648224
116724
457297
878006
536871
296470
531234
859093
556580
306711
917097
751248
200902
271774
920262
607399
210932
862443
368699
937577
829698
486150
42557
854684
933735
914021
299596
536017
321363
222296
264623
75672
792647
796848
326136
603315
163188
21805
265286
110295
111362
397517
987444
607359
193146
226041
844724
282398
475147
696012
941426
115475
867884
491193
569357
716368
298867
751617
195303
891970
587912
912071
840638
932749
92666
224552
578369
775536
526189
499533
504110
890867
534092
151425
396077
934704
708051
148069
299659
264618
335352
99757
92271
358304
798449
902866
294724
886988
680494
15328
790322
727939
166724
289852
939281
979564
699727
45829
784123
140763
319640
707493
534753
995177
46692
375276
406333
503396
720159
395779
718554
645001
149400
635861
213979
801595
342467
295647
31807
955849
116675
777396
100438
865340
52986
191217
759843
9049
599333
369246
768051
695282
52640
887550
13398
349224
128945
185594
977032
894047
167397
818238
453020
919450
586935
582143
124062
254670
732103
400022
149983
778673
492881
610806
997881
98461
176902
655673
824118
787955
743269
38675
9387
525936
196019
111787
102243
913996
280606
438551
800226
346929
555475
744706
500490
791589
927642
300502
896500
89833
179269
795636
549619
711027
282629
677446
993221
154942
142860
605153
854484
252199
138876
222436
530286
873142
598259
227609
907147
373975
365555
601333
452234
958771
456822
477581
157690
885690
566526
171753
431714
604220
863817
233341
187614
876910
120141
507683
380542
253910
113130
276424
827766
862362
395337
818846
772437
916566
670950
681741
716069
110799
37970
564919
157953
727234
404044
789260
99893
869746
226219
596889
264824
354298
941258
86152
653726
972493
705040
971337
245889
761774
336093
907392
704881
619347
227010
178169
961965
783455
843774
723146
538280
962083
750538
898256
668451
943023
677923
922901
385954
488706
376329
564727
112189
963027
70015
429119
297676
105017
539077
940070
839010
445669
819000
177320
336262
240184
413781
640983
462608
279623
789028
484836
444359
265396
844695
43852
751844
429668
489940
597090
889127
7865
359808
285982
656232
899675
958207
248088
407035
166847
994879
141170
808365
824564
645262
900950
43072
994006
718457
392942
617181
843097
915668
444603
206974
687389
222900
954765
797450
130955
59330
514420
653662
566411
726358
393731
68532
732291
429961
277389
935891
244682
216747
702752
799428
118023
436276
476533
374182
698168
261182
135954
577316
220416
632893
764644
742435
338088
102934
673004
33231
546018
84676
873971
677187
941125
272867
210291
771217
352829
511262
966408
284303
563923
353465
890360
916264
292621
457776
587762
538952
374531
850893
75752
621488
365587
883255
10097
853041
670336
354236
349337
856507
512078
110025
387696
618864
220241
290878
580499
936623
674938
35326
75085
628526
468193
623156
534976
546388
706017
870720
659613
15773
65894
773798
725890
461317
61697
445301
746488
770196
664395
916271
204500
777960
834852
285535
300719
933336
887463
521082
771407
225240
304401
267514
398306
302027
934019
710163
652432
48906
848685
626704
568093
836403
312594
538893
28126
36158
765183
505749
516077
998315
797701
798922
931818
478914
266607
22664
915532
930445
816133
314852
938370
261939
682229
49765
119205
727276
120662
993956
754238
805938
683302
507912
103895
46084
789248
80507
289225
295964
172758
1191
693113
959505
299780
164923
41228
481897
331874
43879
120104
260739
673558
502805
657550
350482
200416
964570
291375
398321
455117
110081
349803
137320
81785
811591
689955
839429
601664
917876
434162
472439
10990
229332
717996
939032
192316
994314
644709
934487
500820
326899
419893
326755
235498
470387
24826
926309
790352
18477
949978
414146
752253
343134
140075
578589
859992
179065
852919
872104
743898
771755
75733
338464
548540
229756
210345
831567
614377
830933
183122
6436
210273
443476
973766
120090
110801
940506
821102
247610
483881
345120
351769
62803
870119
351765
402577
22250
910080
69276
948518
248284
215478
138052
900572
955814
331057
434227
460970
188213
932797
110940
594452
400075
232406
792695
133821
984243
376202
963177
244034
824675
447031
427786
844023
956335
400406
725716
67854
222323
930511
376853
640841
683889
298771
318502
871572
411141
638727
86517
802756
64315
137715
573365
423458
474006
891075
228819
989125
803250
621275
612216
706149
87529
986386
341510
862367
216474
894063
874891
987329
162170
253721
694719
635526
345610
496522
408364
746717
40258
166481
931768
360444
168048
23271
252696
372727
480067
625815
583653
413346
116090
903539
888951
199384
791845
28124
514704
557519
211120
122069
750455
892559
785604
271445
721224
166847
865700
629532
741161
414316
640686
426853
675387
679329
809791
653451
553496
795138
413583
403493
583446
116300
656879
113729
332973
726018
663143
569707
510312
550936
341605
871359
897965
545900
591282
957696
311814
738713
32568
594508
290437
544647
172495
375505
711469
732856
152277
613102
907045
627732
976898
477613
660326
199402
820841
251210
839915
296025
779258
604226
326504
319364
380736
775917
342531
582581
590378
989398
675226
619569
657131
282056
528553
58002
447420
759399
620749
809123
261530
544088
510020
266982
156189
995283
158260
715020
556066
109559
186265
990818
191110
17408
716893
708296
861617
683009
806013
544179
127533
964684
214217
591210
114969
154845
242519
909142
306258
687626
938094
776298
458576
466617
645206
885479
911560
951832
433547
729742
181040
872297
761202
593411
281734
957271
30291
74341
17259
54587
756244
603507
65092
218838
510825
451495
64245
985910
806844
688160
784550
924899
689518
226933
471942
385708
84234
690015
480412
993091
349849
391539
627965
118780
5478
284978
363605
176442
69988
556487
770964
903837
788284
480899
830618
737905
956159
770969
839412
257124
413431
537747
766543
407690
198731
1187
890934
682833
72354
621080
794106
565320
667742
500848
611858
740242
57313
907831
14237
847130
472570
976284
277493
766896
837710
51911
827691
669951
524723
403390
20705
717823
758494
886862
627429
483038
663219
588959
419694
792696
395238
993758
507901
912806
828808
85549
225426
266003
105340
294786
650070
348751
106266
866926
515016
209713
725935
146421
709986
933976
193269
250169
679409
603586
686509
500816
363872
369998
999856
910921
432042
665185
27815
580036
144164
423096
634252
479852
459732
99823
948565
164956
838630
528216
988820
131239
427845
370075
537555
39139
18632
426493
504183
778703
798909
15170
291201
347753
712811
343757
460050
978466
327096
512467
865132
632515
848883
819913
318057
407096
150630
166417
263368
85929
848978
932870
224905
828578
119943
34784
329735
131524
682854
325755
773398
794632
371524
957605
973553
781547
758547
142403
514412
932550
185675
341250
35257
349528
261438
703699
514658
566443
850993
468129
77533
2373
940435
516088
463060
590630
599218
751992
673615
325102
883892
993641
442845
967985
671121
539442
956851
541094
528110
96350
506961
961451
227481
770192
294205
281665
997669
939842
621163
223492
128717
51757
951309
831031
889589
315528
372160
166118
572596
478695
527759
586197
782209
975200
77433
613242
201505
832161
758765
66023
74908
480418
578868
597433
569069
632475
2893
179703
246219
394539
54094
304785
790502
885539
365501
622129
255589
604044
637421
594422
791883
263377
943625
202063
607972
595845
506551
223301
820603
889728
120454
628800
550656
588571
361715
892307
782587
863526
186137
783946
978158
518324
900661
496231
531425
146288
816592
787192
883708
13248
975931
508093
450393
463818
103077
228425
614819
656215
610121
257350
540415
428317
892703
783251
765591
31311
940301
971910
755311
173903
173669
54965
269892
277252
464572
845429
510281
416696
118901
893262
147204
129732
671718
64285
130371
52
187917
628427
396907
724680
249161
682646
502752
666185
379098
629480
736959
755730
584966
469483
349944
7332
323191
345751
239349
931737
206371
367902
350718
292777
413766
523528
427443
63949
130340
5086
801195
142482
581458
602980
69239
527508
840891
770198
630763
823699
636222
395202
725790
288212
753457
337959
365717
283901
325462
15266
95447
163047
578303
157231
68144
901485
385762
704351
332321
491745
953019
346759
368351
335155
902118
612527
811275
936693
78373
644359
456227
783523
230891
833475
261957
699799
862322
541154
300251
428411
591408
983410
800847
47459
253722
499103
422421
828472
185951
398710
152959
668551
30294
197886
273199
554192
369058
590206
273821
55433
294670
86325
622642
410966
954418
936846
657508
794210
327829
123865
412217
183884
221276
727389
847981
378062
251015
489259
196336
956011
562157
566043
58674
916227
155214
206419
643513
701370
999840
846420
349204
901263
971548
91535
564086
34475
993906
467896
508284
18512
376424
160880
584765
710225
55805
219485
648369
834224
452070
655354
899854
711077
696281
288502
530243
82570
656059
135643
494810
532864
140121
164815
804720
186850
892704
680984
859860
586293
60576
806196
683819
596458
124719
84882
489739
468044
309438
306244
35211
498713
15271
82715
400158
223573
248642
463604
531440
473471
548589
69036
482451
623147
825380
589668
279377
698444
441526
466440
764918
903274
975125
611667
305520
384466
429009
893273
552678
387628
285566
29056
379258
222469
183021
544015
977461
894729
109349
563301
918857
757727
707830
744041
704532
864044
474670
404670
143902
771976
543383
469560
416070
687845
210114
804345
213126
950272
4317
733895
218589
823076
673791
386153
817978
337044
983797
132844
306607
875641
356707
959448
590004
344521
559390
514742
55549
998938
416412
803132
724044
366824
752449
694926
213974
629134
889389
360559
419452
374223
312983
369661
18506
791587
929241
36008
97983
214685
328745
901195
864447
955976
922653
315676
869695
733544
790302
443453
630848
692140
746206
749578
387151
237229
983056
956976
880904
184251
744530
425504
53415
273236
722765
22089
936833
997903
233891
442140
530758
176083
2793
849
263002
362833
465220
545681
634711
337779
579401
21197
681858
633413
16686
532760
992028
701369
385579
460845
694303
519722
528337
242233
291334
547411
434491
93750
579465
143912
539940
959327
561653
245772
50306
828670
8406
969752
948041
837907
676744
278946
847237
17113
622101
177647
259399
510074
202080
508089
866854
637114
396110
113085
385343
397043
776519
349298
679229
269610
642685
23404
195201
361221
452169
255190
55262
675805
185624
415892
426871
246642
803628
655597
25509
956750
583985
19696
838719
543377
161733
301283
755120
730462
277881
514637
679358
881278
27139
775826
684991
497290
182858
901984
650530
309380
575519
793390
815973
380794
568961
635354
543156
349522
178842
783868
846039
729277
26379
404370
637788
626218
36136
181943
109507
642226
941677
769341
778045
469529
332369
782879
912971
346227
186886
682142
749287
263691
825475
505411
914322
486576
658343
296664
224618
471437
399302
910888
649275
823602
892970
371585
76493
202471
914150
867851
174038
526868
236747
998886
294530
914249
636822
822536
63316
245739
943459
353477
98825
334212
638489
238307
679546
401416
141388
652417
92883
974842
811431
900848
712321
693386
821398
536659
461472
676375
574609
950940
476172
642348
871977
643907
286040
456765
913258
702966
350418
102001
715084
228085
24014
574414
129102
534826
46535
63724
281252
299070
78133
116481
565512
393721
96506
750975
903174
905781
168150
613984
615869
752298
69880
954398
204135
866359
909571
154706
523578
170977
547752
793925
210892
461090
602789
215831
838630
974754
808675
610791
730256
346895
740793
970511
908319
936637
514477
490230
494382
226625
154808
136013
448638
274841
423243
994715
701888
612047
34592
525829
68095
717221
302231
47946
360226
356341
283740
344114
597136
863906
765218
551426
269302
500087
800247
918036
214034
587924
716825
238271
577158
374118
308686
2103
652082
753635
450595
473043
585605
833310
312778
8255
223094
104060
218105
191714
887016
957267
585725
516496
998677
770778
263179
942498
973058
547031
370587
203044
253439
493794
898250
36116
171951
271374
124108
886483
193221
303872
189181
143175
142936
371870
204772
737114
66663
116080
210379
286693
184930
422877
379514
820660
989838
410858
633771
69389
300935
760722
403393
54752
201395
937691
623241
148239
300568
845780
212649
345045
9595
166513
620358
422860
220178
1827
463979
137587
392813
33270
627772
139668
993308
688930
251473
875012
71543
378588
23368
130349
613840
709341
837543
876360
882601
362292
771305
701026
999997
520233
145328
973817
455222
51573
135325
267604
389421
132815
577399
834366
513878
326852
645204
693154
373876
914249
449267
270361
614149
226983
118996
424762
616712
976990
956056
205
755632
864173
1716
950138
887016
739540
126832
258850
109831
79075
145383
798393
291469
673314
663475
377513
51190
77767
425812
294715
488244
212202
909605
953010
785824
394910
268362
545309
226838
294583
449962
509325
135257
661117
237799
676786
773574
31972
1771
617509
451379
817652
336722
183315
654554
554120
326990
284724
214047
617823
552498
345189
676183
167329
868009
49247
594200
482021
494411
74051
367951
580890
689213
625433
153048
32091
670743
212901
832965
105976
92968
131167
891845
920807
69750
273084
488818
411966
970983
900007
66948
893490
229013
825812
334684
637134
550620
631244
541310
371340
904412
282404
190111
393741
700612
163288
956254
229871
782950
595227
816775
482036
371776
469310
676312
860835
422940
490479
956587
933305
65702
568758
285125
52359
750566
204265
97798
339029
448029
924365
391814
699510
993579
335032
215360
291383
352784
551480
644972
866329
890909
348300
822611
159703
460427
505044
145324
260390
381221
473685
418422
358245
874586
629247
898338
752256
743967
219605
817255
722433
671142
455877
554490
174694
343221
497639
909170
603995
248173
919621
447591
270371
707606
396352
112617
819767
966416
122014
860529
321720
668890
973536
154949
644643
137279
720509
522972
693005
677302
46125
843872
626032
889081
645067
577022
242132
213423
848668
177663
115363
822073
751933
634517
318538
424467
604108
482764
61598
648911
712720
93600
853550
727062
504675
264473
792355
209675
906646
582395
870862
139138
336098
109731
220187
349109
334770
254060
597357
530262
994911
290615
154702
148684
607259
670182
238256
812821
446497
682926
175634
917196
868249
178437
395625
335649
250608
236374
827641
160996
117528
15613
55587
387258
641449
511148
734512
478589
764295
848564
47065
767548
291019
730241
598643
954212
405461
103335
883743
844910
307266
387734
951029
161148
759408
226655
940911
379866
722674
700284
947724
327897
405901
974197
990189
666931
714313
92418
470592
568975
483769
926432
217640
223102
62923
465765
283371
336986
780239
695609
984581
334418
906498
218215
18458
413742
709264
706346
755443
261277
672914
851040
325512
825607
520913
7495
813314
798711
186518
530342
599868
41835
709874
304402
611338
189560
335159
153762
326922
694613
998352
288377
866934
96537
357043
314210
228077
845589
457090
384131
795845
453366
760854
49427
74473
516097
298025
236123
204300
535765
127958
419536
246677
796902
623001
611242
510126
519717
562099
764293
861638
358168
945239
907882
147426
127563
349851
957573
562638
591502
613719
130481
224490
701640
474185
98696
873658
933285
365351
13743
750880
190737
983882
858523
356445
142158
105801
962222
227178
86389
863090
132811
676769
433407
677056
608652
899677
304025
968206
746148
85765
409101
808302
88336
522327
368264
803357
696864
752898
665265
666388
577111
39545
32141
391088
836603
849036
805954
423153
246858
206025
636819
261496
937856
271245
349016
39114
555196
793492
101339
630880
818540
425380
669439
26475
704987
699360
421228
170076
564799
538140
693574
299158
184421
968564
950282
373018
921503
557262
531150
343529
529948
467366
541606
427653
604525
816594
611892
850722
841982
706711
832001
664178
629648
292287
179667
639926
127254
102783
568045
109706
750079
456948
189483
171757
241914
783659
892715
413769
747816
450546
751298
201770
65885
903527
938170
425720
633730
530018
269453
156440
551690
309707
903307
2901
776998
533919
337726
627380
459936
322775
33977
207582
606643
404158
267329
974311
918786
336335
569228
910999
806213
643740
848848
403264
426247
920585
768745
964446
857228
957629
578978
43736
551760
122551
594608
520206
377841
223230
119074
486977
387549
695943
484799
789221
950211
367693
194868
967334
750360
64868
926364
507746
33437
691103
495391
869539
240676
928146
212906
651838
118443
667837
383985
527050
529203
544823
854086
486382
497048
282752
395441
340063
659339
906435
594087
864451
889496
514527
560665
86497
729550
197948
891467
803154
703086
665429
573930
925249
51033
176775
14624
753736
879060
854900
697632
998262
763711
358088
615079
656523
125770
143804
85616
726392
937578
184693
755044
825433
833189
436811
898517
863798
386607
680984
886263
942101
117169
522340
183183
126580
778838
443083
203857
956295
251407
352621
993152
743573
139033
201021
131917
487112
210894
940859
638265
590719
509148
603874
436847
398599
172730
58153
268900
665144
357135
325052
609970
583737
598446
249729
223915
531052
305984
62479
712666
632373
956612
558209
701323
26782
892646
517194
835307
981512
235272
741066
346784
960820
360395
973925
685542
350495
140861
700057
297454
744337
938404
678515
591946
748924
283549
302360
67308
908734
668742
809567
385867
111825
708550
766297
414964
238976
603695
475512
207236
664361
848730
308931
996174
816899
115270
833307
269450
447523
345955
808512
170499
613463
133931
121286
13858
46587
216885
821625
805352
394860
365040
126203
886214
455705
523558
413107
300468
614629
919222
363317
175414
184873
49865
906150
341962
652414
336758
38389
969122
169601
482132
840744
87575
229695
686349
681758
301387
778969
245321
140459
583279
83854
275028
197212
994112
234369
455949
730782
216356
14099
518677
952136
527243
49048
418616
626599
921137
226300
691570
450483
511815
677716
715151
812121
671023
498490
598555
76383
985470
425793
213648
73408
514019
64763
694918
373758
801858
809491
259289
311868
38878
272536
816701
336092
843321
980784
899625
766488
695127
6612
478140
220548
650502
535397
244090
3216
832592
593207
643141
471909
333061
7327
960826
491854
674689
398092
984114
444369
302423
619983
473466
83956
694627
615197
904202
742969
450474
411900
636366
729657
24807
805554
17881
171539
887411
684080
538801
327022
597074
591120
360107
470274
247437
826360
617014
684400
685117
534047
325615
253620
872753
971817
437543
194473
400201
639165
227704
817934
894321
601064
356072
968043
477537
105934
409738
778423
342103
172394
753146
856328
382980
925840
42847
816157
938020
89082
701378
2408
368396
672187
99705
168474
151608
831759
728377
305642
608886
361476
506980
879917
431370
881623
805428
457292
966224
579014
148011
245846
264071
139341
814024
11251
240237
156147
212431
327184
859749
904869
520681
290689
993466
562479
370920
892275
811936
125006
525041
799581
164371
833652
390970
650643
40645
538343
737055
207532
720431
293768
103473
183452
689877
551386
686162
906921
544922
551227
80152
546790
421962
164979
368655
603359
599730
247759
988299
126402
727768
36733
399006
393579
161499
822638
351971
956324
454846
813058
946769
309306
589502
117549
367752
378867
744817
193461
312708
361322
651027
992308
498369
619737
966827
800146
26150
704844
903701
247601
798917
579576
35652
817538
30119
665506
14047
58146
318118
902006
711037
539218
861628
14652
177725
808159
461008
168334
89121
413861
731586
63297
999253
690714
899620
890294
517298
917090
62075
856044
287679
683592
474695
824820
590618
592803
348357
989400
229535
546411
544140
18572
720866
905351
178755
353348
311529
297327
402885
905004
8679
123057
867644
400697
182835
222316
724021
723060
794595
313923
435104
385652
370463
846015
452497
504089
316669
675957
601360
381195
391068
450345
220399
882400
360320
847424
54942
784309
338705
665597
146748
24887
650303
546414
500581
448699
470405
378393
834951
46459
5229
874473
896181
546628
660089
701929
487502
380535
951810
885642
847750
754612
846209
36099
320214
707680
579007
570116
347038
382138
759662
308609
877193
210453
901515
230810
908655
618267
285874
332901
423004
118878
897545
341502
691792
157837
788601
844672
319864
738450
687603
366792
376226
87204
602886
186037
185458
411388
28971
696994
403118
58842
690720
794808
670852
151896
414875
805166
688166
464784
145357
626143
898240
17474
587809
968840
68025
530830
828858
384755
954647
630848
203254
415612
550449
996564
932327
978110
350443
650909
713036
549596
904433
320692
659421
914534
20464
406051
276831
994880
248732
156827
551121
464851
270705
349622
655813
552420
75413
181793
193363
282167
55044
474714
594234
808467
579694
226676
179024
831639
104088
334327
152686
55424
258138
60251
231885
420543
722239
852966
821102
390171
484339
105103
342573
838670
519236
687035
10022
340221
174551
828646
615133
620091
948880
493904
695432
134677
715299
544434
277736
719504
290357
103361
575474
784833
40807
883551
972185
959911
626498
250133
86601
468323
120168
251550
4267
953050
448546
222526
22246
321114
142501
173303
710592
320019
748391
509705
298831
633215
372885
546313
477513
946737
846992
288965
621956
616839
992724
472425
233768
697365
751596
384372
419876
369838
235217
518575
430953
478544
534594
149441
431847
392623
779974
969082
624503
798280
83286
579046
765725
33318
680358
875196
772762
995527
582520
839581
72169
533824
62958
482005
282888
130005
261122
321378
722091
928501
460687
918469
649656
116514
258234
263732
519474
907582
919300
873274
256922
63967
947095
980371
533465
898995
951699
347358
541337
936622
691539
722046
91631
45153
5219
473365
254090
593441
804388
252913
840537
455339
354165
822963
998778
981240
427141
288700
50331
99702
233168
584874
572193
758278
156789
47163
16731
977449
586527
489605
889662
907150
508292
295160
496870
739692
24498
381325
437711
959331
720190
441666
604673
776500
449578
892950
264239
298436
986025
422388
486978
888049
344157
767457
489970
635256
925691
349132
403340
51402
895449
986570
204885
154833
998519
155908
540495
467238
974476
17413
399419
24329
603861
763762
6697
25025
482932
168354
272649
920176
815125
607629
971659
560421
735045
257220
858266
983942
49662
721046
844585
795326
351186
538167
414065
148613
489587
958336
715790
648848
605737
107981
431783
90438
737594
348926
26651
686540
293831
818168
441510
156220
16980
24753
578163
835634
959897
56175
8540
491928
206568
639234
540103
135584
765489
627198
450390
255691
138907
705088
80837
216083
364735
367478
837867
236767
884055
818315
602057
398840
902780
50633
786442
421753
191482
306953
333222
804717
655939
610502
392811
50320
869034
445735
217277
614468
891825
697119
426421
484958
640627
11594
602181
679153
243566
106877
546871
782699
943273
619988
242079
5393
264266
683587
885458
201522
199219
978298
507428
251008
856209
874053
802807
108
330473
920102
505169
258155
953853
239960
14377
796845
670614
842920
18016
823964
180506
877263
561782
442462
972809
962049
786226
362737
195620
874959
300246
830391
913086
614412
675693
849162
102990
657018
671140
319939
344398
698873
702979
448563
599678
294405
533442
479572
569705
223269
720906
538083
511338
648572
739079
671105
71217
843436
807579
401795
981666
513431
954509
590290
458186
225804
47234
743062
862028
759741
954520
255296
877021
42687
443043
299110
781884
854020
244108
91805
765250
418142
160037
265600
971456
23491
400446
701883
624770
682369
160548
943088
155142
769244
969311
623574
440011
363857
565091
2633
737525
391702
98988
889092
473120
451059
748358
34389
63355
685650
349550
471722
430936
89149
263003
590897
748753
986510
276540
775046
417481
42457
173167
765860
952913
305168
455474
162799
660901
449468
275177
459570
987919
375641
587195
153656
735204
624819
984637
873738
848867
57962
204027
312483
884880
921490
377118
451326
87289
688132
282769
58042
104399
956458
983914
431102
947952
647627
762993
576884
824788
824354
464855
421968
842442
636855
567702
784135
415944
276196
206900
918725
42475
880143
228322
804101
226021
224073
230262
478794
941739
764243
627116
757108
548187
347696
523067
358493
357117
217979
687491
733697
730219
25003
71056
767855
118459
477634
66312
713301
623897
286564
400591
544536
630664
750768
32205
841733
708780
2306
411260
970250
182628
690629
749985
920291
518981
49134
638588
657236
524699
523953
133699
179039
451662
779288
857913
917637
639591
136870
279440
407764
642502
711845
117230
795266
691298
416806
243935
300360
356005
3534
869790
987084
852337
672661
596087
431855
257532
920105
866537
210808
81752
11240
735972
632037
9091
225738
863944
185448
954618
134808
449506
645589
862366
135566
4595
283124
328342
142797
546787
875889
310198
235137
935821
83422
971900
570124
718347
698107
401630
560697
346023
515613
281212
75246
935833
296939
25852
855460
618752
9403
857161
902962
822365
235317
326822
869575
731433
91535
32362
490175
422613
992650
423027
455284
358586
163346
398580
357216
713852
524623
775802
123796
378683
773539
8787
732995
16550
491321
874816
676722
629262
560759
206147
199183
186766
176404
390777
502408
806707
182158
966813
6757
102436
277305
583110
136338
865083
966995
234219
617688
491822
684883
544302
724783
132688
738430
969634
455191
594742
90698
812806
102191
635490
231986
547058
807887
495841
761052
992835
295318
793371
805799
680108
326376
224069
99162
282088
400928
738108
685596
284380
575152
873621
680309
227373
948890
991287
816452
550819
658436
69020
289538
603306
58824
135842
503736
33954
25436
70630
117454
40703
925957
416675
417244
743461
178684
696776
676894
918977
430669
913821
205388
68265
158541
24788
191714
80797
956213
45880
920378
859551
357605
525657
178687
127459
820423
681945
690727
152289
430676
885629
694444
409881
79716
67007
593984
814520
809100
272952
251665
342801
847535
98842
480453
879410
602726
219112
722156
338721
684374
233620
577765
437205
478377
601288
639198
483336
62835
443004
66528
742493
440632
436379
187551
55631
388718
197258
458855
626776
308919
326842
826665
133506
567902
406878
534456
397171
84287
434727
931190
819769
648848
619550
793053
149124
329918
802645
52570
73494
641821
539704
867253
824349
151358
689079
406467
738222
218474
114724
106586
404755
355581
340292
973044
121155
629232
14879
591294
348983
892441
282245
160545
396431
840945
323268
163557
750198
737730
783317
327381
180809
593570
647623
674157
722142
963946
612234
583907
861471
802186
667542
534241
204989
863085
595524
202264
643404
489421
338732
834646
723403
635132
764920
651182
827736
223439
590123
749372
626229
336645
77549
742347
532596
857876
370197
675142
990597
495687
790331
625891
924545
222714
325647
575587
682775
42572
574948
404842
41265
298807
228478
296430
33939
980267
370839
951785
455204
323867
506948
197183
211077
523984
791068
105767
353008
223969
881200
305171
641589
276393
619550
803420
87063
742196
156268
339345
784704
373059
568008
855513
893138
644823
683067
374169
133647
432118
997148
18633
262084
425476
862315
617983
579582
572867
748937
731390
403714
999003
336765
765584
171643
729870
585503
385565
347469
979325
193957
651369
866982
982324
985049
284794
487139
269316
584640
477261
80527
642872
206306
506899
795865
855823
651330
718692
716278
405681
600448
730678
512860
899198
556932
922318
890212
940552
123010
713962
834687
434278
705143
716
739527
937956
878227
516950
31693
258519
952344
302157
553686
759344
314377
753344
454078
873044
724955
687685
959875
527706
381042
121483
92313
663644
476729
83046
48733
705290
557894
218708
713059
861312
847220
489629
135848
948557
169442
174374
104428
205677
215677
236443
320288
304844
811345
950418
633371
649763
83860
334233
123533
620892
31257
253121
143186
890753
866782
153204
270467
370294
630823
875671
200567
989003
222168
287425
108704
975099
85305
948365
839329
846334
7369
391832
253287
96196
613464
11769
241869
854672
316808
981837
790909
297799
372714
47861
249638
597373
823462
670939
781125
953237
103173
605198
200328
88151
824701
88290
851550
252442
299137
936324
352190
666275
975784
766055
399935
695922
647641
629162
74817
331757
683574
615478
287996
515691
41130
558819
60965
558
528553
220957
940264
50509
944920
112238
45382
887339
884954
72979
445754
221000
279998
545342
904337
982116
116867
33668
601081
899573
267845
20797
553499
377185
342391
782773
830728
150780
876362
344250
761967
21991
778461
727278
573477
29632
604577
667862
856748
336141
105689
874420
33604
868574
348750
462203
304642
994565
125607
465757
161239
758221
3557
871039
327445
113847
221926
749031
348381
232636
269484
158259
31592
15069
782951
124897
605354
6830
861145
332198
14772
716001
794045
47231
917095
982332
941145
189795
49803
314327
267049
478555
69450
636110
140235
961548
239913
463556
37796
406221
482747
338750
966897
457905
989871
214634
733413
910350
493230
109753
758109
118764
243754
598753
387812
541138
82493
810951
577953
649919
702922
460671
266816
310961
270912
803456
631831
993824
156655
216900
953602
435843
263092
649245
831464
226723
633129
409375
640662
71192
961712
525363
119455
600215
809848
152804
876236
678300
650684
636911
42111
352512
10356
832653
721184
330965
489404
64410
845319
103154
157965
700756
386509
225709
956892
161759
60682
614647
257473
336870
942268
894374
537987
832965
147727
455493
332257
296980
615361
134539
753304
758950
262914
631271
256847
652991
526672
470987
100485
920173
637271
563958
594008
543456
457343
40625
596356
566469
361885
894335
370571
301300
379420
153529
387917
122411
604110
458377
707697
202012
37894
424480
334648
384669
407230
445689
358937
384601
829170
292112
555470
767268
262451
186556
503426
37608
585231
946984
680726
281281
584474
233908
591703
513803
643312
175168
952901
397442
70545
407454
648148
639695
757610
390597
379361
933302
677748
249488
196667
119792
992599
177237
856198
630972
614450
905328
895234
600582
726765
991264
554357
147172
309182
786091
40099
655503
291077
283774
887538
764202
793875
497480
331890
679692
568280
196158
65914
248632
318256
425471
683548
442103
87101
153122
580570
933897
298347
58289
393989
832637
759699
132428
960585
283688
894371
593763
711557
163175
431231
125812
798052
904897
612025
632158
667809
233997
837137
322088
345855
222071
325955
786768
74826
260818
396758
841349
958877
799735
35402
858063
748244
672723
511180
428237
271368
604604
479354
811907
343340
737582
678672
372636
281514
336615
462209
178319
672994
949062
792867
67726
448845
325894
370801
644493
14014
118116
446843
38189
500905
392155
899781
554270
702282
151921
930506
975465
892713
493731
444756
745975
267357
574463
879186
302311
765835
955306
971174
661508
463615
945564
208139
55499
813478
556627
421874
941814
817719
468892
50609
423368
673821
788854
887315
787318
731134
244554
906416
104023
345883
140884
829904
206652
751623
818174
103505
760333
650541
364907
627467
902978
359075
905848
976660
239494
943872
288597
580787
954416
498739
433224
875597
897748
130840
890772
316282
633592
138874
316945
228917
324984
524389
38011
207244
681030
330004
737989
410882
999263
248338
491637
35740
98089
599450
9006
84761
917942
692056
537628
622121
57380
27450
521509
29488
49908
990680
866454
560230
842066
20196
673833
195635
532520
626753
135469
513793
820189
620238
127056
882205
897257
27449
983437
753086
336116
176207
213631
477520
249606
466125
134906
740888
58466
331466
832240
165476
251633
667785
631576
612826
762307
585278
702449
362698
959744
265065
158462
339624
743179
130241
424011
422638
55517
654731
894574
207403
61459
276206
388213
319409
774073
864184
310990
7037
597803
533589
222449
607177
882314
753343
863622
984734
463889
347921
114247
940157
388456
249314
583635
173379
657415
552694
57247
833798
274634
339588
155397
197790
976261
838981
789200
149480
435955
234069
189986
26975
113978
928032
950806
993071
182243
447076
51720
432533
547218
676968
784284
331929
112796
547498
775823
104810
295474
47908
511835
655457
909843
978643
327248
476977
884435
727300
386711
431073
612998
658854
693870
312134
876545
194931
293370
940470
234829
39817
81634
19656
145760
211012
688269
320279
156805
921524
784954
484364
668298
14975
619111
276782
605190
601212
142536
915781
977094
11013
537906
996068
648093
868134
356977
854562
584927
353130
631998
229024
577706
946863
855909
9365
619670
636378
437258
394827
245891
738880
303115
39781
634809
851198
568909
817098
906593
615546
329958
749599
59386
864175
508012
883650
385194
575093
550637
409542
33733
951253
515413
3749
942758
792113
449180
89760
440839
328389
910009
726093
32201
460094
281767
949740
787919
199800
144458
276194
253819
355860
224886
406930
218740
575450
339008
73626
209149
739350
617974
985252
344475
997060
192924
497596
625043
42986
298626
430815
769336
355914
482994
283565
73898
301973
709120
374527
156960
185920
679928
454146
851363
430142
664901
419928
434517
171807
565963
614258
89422
255590
418854
39448
263697
125072
120804
773547
980629
696124
929591
73445
221260
349196
358064
598309
68351
576620
47664
943735
226508
140881
240643
140683
918239
368740
670490
916983
629060
155480
281030
644632
127741
567976
784998
883182
27505
502494
941326
986240
553331
513865
716357
150608
328005
730962
487776
670096
839217
206241
831855
700998
771622
314752
525935
74079
816664
73739
410897
197339
660162
854221
45100
811562
109637
710336
385247
791548
292509
973403
434453
663127
330360
311514
178068
440436
186918
810813
598369
519076
577449
913719
925958
5755
9484
77178
994670
169576
559664
569109
955128
887744
754934
884836
147110
581018
559893
272139
500980
321466
633163
941231
942185
505167
626870
795378
309820
751395
803376
242896
810404
881969
836192
588985
942049
892046
567448
106502
713421
517342
197577
551640
308116
181121
885074
229991
711002
944092
801906
790250
211691
336489
105521
489517
765560
207045
99422
451596
448903
639482
624261
346858
357051
552798
779594
331157
318166
384334
767495
67160
427296
649954
583463
242659
232042
657281
583555
428309
150351
17491
520944
66462
490729
238646
377392
240952
34318
796923
388344
985743
176193
957446
762843
792082
900043
868150
185525
666472
556622
270370
727091
275364
353430
579418
17424
40523
352807
185665
702709
377749
470636
38563
331320
910816
711180
907316
924906
454696
549211
995725
889005
813216
752711
736049
415076
145201
943277
836961
702196
441987
122478
831075
776457
853060
197126
103717
269827
473899
51667
410114
613718
252254
919175
254854
847465
810697
61917
845131
795480
861982
96982
95952
151987
100405
591333
897349
967286
780893
844077
414845
858692
895071
502159
27464
692240
870175
890656
882893
483431
955823
642020
315669
347519
31696
482714
208197
758910
25714
373804
30915
437198
739997
737985
860026
412176
856638
263655
300019
295282
655965
922110
422946
329399
398676
922241
644597
247592
975136
554720
784657
454429
838538
331353
377413
177105
145093
732672
913328
409175
608360
856050
979645
94590
724047
566475
938171
746745
576917
542013
616700
754859
446708
165960
611319
952355
382385
228385
892561
578659
13677
182551
999533
792388
269117
468337
791327
141240
727108
518043
431042
378560
850454
242729
509459
270826
858004
443549
305816
362052
935424
976670
543380
363716
549539
37357
366853
1490
929245
424432
964483
867468
135926
546692
425530
459095
345865
575092
287195
9578
987831
5953
335868
570851
655363
849446
715674
756304
383030
202740
220540
509442
29821
508141
840806
674777
444926
873065
565714
212780
548382
371648
51576
841229
891770
828418
822350
186317
75505
664594
23525
189183
195843
569877
578291
303920
336008
40169
651856
723658
764588
828269
198538
529956
676319
614694
707926
840921
924587
384422
70324
64311
623395
148134
315218
588037
814506
469815
235122
272460
631137
343248
64515
72466
774558
25503
241487
904245
338647
604211
217907
389162
457729
105960
510629
527943
255534
494989
987371
371112
681975
754540
370873
810243
36531
568387
316056
188984
992771
748521
187672
258136
410993
198612
939038
326517
11850
714266
692605
305322
392443
543368
755191
740541
910664
246801
697784
173586
609130
785890
702951
77941
766048
833158
871358
768681
468644
363015
400145
666675
130751
575116
145321
980638
397958
972280
781667
623855
882958
934526
628573
149996
584813
769218
848686
831197
306616
983168
606193
134321
487228
315419
429200
716574
398312
929155
320157
363454
874933
518615
542121
750151
596674
13179
747216
507320
319879
17921
555725
314568
486676
220411
516433
896691
862554
210571
836172
140832
543951
637701
441862
635177
46614
390877
992941
815102
653152
700717
885133
419801
636459
277802
145400
956220
959587
21985
308191
447883
110660
544471
858373
539877
594819
968307
928214
429548
458757
831080
524448
502481
954596
664842
344739
648014
899714
122112
6889
196304
501440
643159
373269
213962
887451
299395
299411
487191
514407
921875
90158
145569
172130
144487
807723
287096
814975
911015
270330
672465
745496
57004
612579
95948
260729
165021
982371
209667
214359
279952
735276
690808
717425
674404
94830
776674
518385
478760
993863
445015
295257
82271
843036
247257
936693
107652
511984
885999
866538
939555
407514
707057
12302
115131
322174
7657
269761
871509
663097
368998
364325
189790
791522
541665
148909
318124
872069
950577
354850
928312
790033
861835
77087
332353
115201
152469
230769
19440
620643
446596
470015
772632
681279
894502
670417
780851
734701
856897
807593
109915
468765
262857
630663
160321
167919
325
850696
984525
692448
701518
12187
618167
449102
46940
865569
594387
833475
841286
939001
144932
457671
738312
349629
973757
822914
501312
382830
36397
335828
988483
390153
230349
906990
820944
453799
947447
97365
614025
581328
848803
506402
183777
925922
176955
17504
750124
375281
239718
652646
581158
469257
97797
236766
10578
849185
816021
261011
328998
620093
139227
266792
731820
133217
12236
582930
599580
736423
753323
247114
704574
163103
827243
669627
59178
57971
352790
869319
641457
996163
667408
574512
12634
518406
294420
858623
254820
661234
494530
323517
847647
141919
600577
782808
226369
400515
541791
390607
244385
697160
260573
744566
538553
205369
150981
529909
570127
778625
634390
205695
607451
748264
605542
336465
113988
638876
693192
790238
407861
169504
186496
834327
333402
904559
574159
418506
313529
690107
62141
723749
81862
775014
201655
535082
688917
691106
37424
658469
866542
424326
532363
511294
363646
724763
635178
69602
544759
105995
318956
526242
996727
904626
458976
604400
509852
893967
155020
360392
994915
259055
296119
206169
339882
84603
963382
571842
88004
926781
959322
225855
86692
31212
20638
467780
883594
523275
436964
726367
868191
586111
72603
132265
724859
613129
524280
317414
193326
384739
88558
526351
957049
986362
741693
441674
497085
922171
726603
337715
271949
355491
11496
22355
691953
744454
638063
824331
144248
165436
260405
777727
152583
105497
325835
370336
499732
439723
843026
309942
442091
124835
389695
852175
662453
974202
440072
283503
261182
822377
641037
199182
316507
733389
875226
622946
555450
403365
750152
725182
687762
4773
115790
679873
451543
820033
801075
906308
401875
722862
574854
746171
709463
946085
372200
285127
507153
387429
716457
123299
676157
665875
535265
92272
964282
169380
880292
196771
304627
802300
470988
994203
499697
122851
188769
610463
663151
85671
236536
99318
95310
903588
376797
687140
500815
300472
588176
984527
544584
31362
393447
699610
858389
337666
661877
40540
443359
528110
664676
461150
417706
127327
745290
876510
703628
713701
977596
974383
268026
329683
336449
873279
179383
47658
49309
554523
34499
222204
177700
229378
275904
167862
977109
925925
861668
436235
977779
5073
477342
696234
931910
280122
574063
68689
90629
737099
572165
956536
653018
179051
446299
222685
506444
170399
982009
480945
529943
488930
406673
215554
128615
533025
6716
69678
315698
238237
171124
533472
459647
566527
986807
211957
806093
407516
758506
109038
499799
216517
354373
876738
140829
179245
73494
651451
874089
486736
294323
38132
734698
102748
760029
568496
946488
464832
270192
813083
231034
962137
326060
485368
954549
939196
982150
757868
284557
874556
619459
487457
3353
343565
419601
695137
427074
291467
95315
992500
94582
989782
546733
424678
747007
127509
956432
592111
234715
678909
816607
808786
622538
199445
171690
293499
65717
817111
147846
17046
288187
521996
581053
339262
392284
105032
217721
165560
585910
777832
781338
186466
441605
718077
926386
192070
854390
455791
253467
285782
684787
649850
669275
571132
543925
734367
239788
17285
573473
552172
618117
392453
809406
176784
209125
511583
600874
972456
555766
400673
30130
699494
357607
113254
683332
362860
936034
826349
932767
77652
484886
928163
976713
615521
746900
225575
752545
459182
758236
237036
891317
164309
444000
89606
657806
973264
331120
554727
249688
885918
690982
686095
484333
539604
518146
767971
243587
131740
894308
449932
678416
411590
244966
93939
89592
226867
552318
254435
231391
819469
789486
567773
57167
683679
251828
62528
303444
318901
409900
389323
848733
194874
740276
782797
180758
95790
315363
737643
148168
194411
877400
636698
187597
530038
576771
596354
522352
404754
427664
980941
183756
778853
997922
723837
759758
324887
593114
322986
317790
4539
671462
149251
160768
56007
906086
217783
777769
142183
929373
478710
256322
210391
602152
840365
383826
779391
664325
855534
924639
903842
875929
291551
552
803290
546131
634276
900193
993241
485837
113004
912328
959201
486561
700343
224772
788119
18638
63051
501002
360959
816217
895306
277376
438793
750546
936151
792811
294563
28682
192581
637861
83493
448933
96551
700276
364886
620080
109009
188659
623046
647145
440662
74822
149402
506234
334879
539572
684050
894628
702835
7165
43424
734998
718312
72528
930127
235605
375706
165038
908073
727911
549454
646390
385702
701702
28941
341644
465236
83203
555780
276286
847917
917450
479174
803231
123007
51241
141851
907615
779631
12292
89128
470489
60623
153912
185204
741787
300136
908699
455334
446017
953667
60984
134630
438926
20066
713246
881595
908873
678309
759384
247888
922177
503130
375947
329247
937280
697616
255402
553016
438915
79664
2902
985488
391848
603482
535194
520669
996077
585664
208259
197493
594187
464465
275567
494542
280004
355785
673753
282715
169621
212848
844857
642697
695581
460002
647519
644722
87696
293481
462844
564728
215139
740938
458648
699123
630522
192488
998966
718009
314496
682544
249892
345575
746470
265649
779725
510808
391673
520685
38182
109546
5585
494316
949006
250929
713231
292308
901065
621495
163088
410951
379157
135555
113857
712273
556943
801262
158626
456886
865991
121324
386724
865538
857908
971971
231484
461668
357526
823228
545317
707287
746262
140397
715754
766365
264078
556743
911836
274720
39227
849726
994491
752453
476453
259667
292952
331598
1124
335799
38188
183421
579335
308480
340597
890285
38250
199413
930420
817990
888554
178576
563642
685892
8903
444919
792318
211838
363789
488584
355728
213282
579520
529314
557566
489000
152331
216017
835177
380056
777565
16224
120889
134605
504935
774850
254830
177299
392831
535601
485560
537374
71330
205161
232815
24709
161009
12682
669235
93302
130852
940825
79664
607918
726879
548672
292454
171234
142751
493298
52874
93147
229191
910837
970456
136515
111075
917849
456902
577986
975279
321108
856468
930676
650634
113179
124761
517005
80695
120025
943451
413113
313401
846184
966790
646971
137600
926769
21286
784998
688810
890679
952851
628893
945402
116238
507711
936123
26761
822236
106092
222703
88084
790568
723822
482188
648741
820842
829614
315298
674916
935190
568778
593015
210326
298923
161755
533766
874694
118458
963350
451441
957431
294327
361408
493043
968403
919100
878278
328160
479011
346207
561674
950834
521156
247147
240914
809511
100554
6285
98327
272565
931499
861734
522432
673260
985510
228827
518983
645216
54648
683091
347918
271650
215949
629706
209528
421306
815941
946227
42949
51506
609048
8266
36268
822912
731788
850289
632802
17948
792653
585260
395435
990497
37583
120228
444219
531274
110976
125971
586105
22447
685588
816403
124720
815818
260612
489664
478219
218612
820444
802888
590696
955115
167396
174879
34347
214763
466019
516751
143112
949444
506243
114611
361979
74776
64460
68230
748386
619842
438940
316257
622541
693466
196851
245688
272085
756942
598984
938289
304010
55410
284571
699433
274351
933473
87888
48905
75902
993686
321418
434917
828510
826043
264010
621522
688580
97387
718830
758546
708120
724832
402766
287743
153242
327853
159966
988253
202732
149052
886252
990560
744611
720993
953164
566194
768935
131578
440577
958815
205259
276659
751254
692386
700816
787886
80886
358559
898676
765958
660457
235768
12712
242444
846836
567747
557591
723483
701033
473150
767216
849967
115447
267771
704722
333855
301611
156667
152649
919466
263552
448682
785055
270580
10093
516854
716785
825737
718718
984484
541910
800135
886234
71095
297369
475996
985316
650733
193453
625286
104514
526192
355035
588595
61562
328738
522002
9083
140614
638967
610513
136255
773661
668967
75374
694545
540784
630266
115538
608034
944840
670851
297676
14985
680649
635434
145687
452237
989834
476982
556386
376030
108436
718255
593392
176744
479582
176787
713194
982772
37359
175576
860669
103724
456147
568071
98028
284139
302865
216257
603649
702485
794559
634389
488821
111435
632668
610784
64781
757196
706064
962038
974008
899145
390984
576848
143609
365487
556419
442524
380403
693483
53095
991364
803336
909431
533176
384676
286010
877784
542362
867
887895
692184
337541
595157
505506
673735
219011
239900
933066
891555
999217
76943
335522
513568
748517
160980
95204
846038
116756
742389
777535
320719
297124
429895
892425
459348
311287
940871
418088
585093
503007
946544
55653
686259
448106
660494
639219
873959
453843
814239
420701
645559
228432
979243
356391
80628
464982
499299
457617
895174
82786
712984
536890
280443
797187
498013
729805
800041
907736
236051
338567
537273
578854
59428
302963
725058
79426
134732
826946
383534
104872
900185
882684
993458
350084
694788
878174
982954
372734
391511
249599
165180
687875
221188
55911
177623
186267
398707
382228
210373
855754
841598
962198
719551
408303
809906
510235
579862
541635
754709
805500
991799
975844
803560
224605
7474
149988
850302
703522
435423
104763
73085
686255
118328
944116
250052
544088
715808
705792
552265
920912
562740
88706
596353
64252
385634
409533
666464
165627
447124
283842
851046
176001
431600
755457
772410
241058
291307
104514
956738
466318
628133
38333
243242
963737
605888
863797
960477
230021
63732
25244
605700
683779
453840
803162
102858
355741
554199
257336
242808
136066
37253
680044
935223
878522
911911
932669
438080
926702
433166
370611
743420
36987
201407
430015
956214
141606
91668
934775
428667
228639
178960
378177
930459
760347
604972
700866
524382
343804
87414
801365
558272
785934
557912
318961
212418
576879
857489
278423
994559
259989
978334
404728
42956
962955
552835
242140
875794
622837
20087
349749
559372
568573
588552
514639
108424
199280
31865
109621
182734
477245
851494
925778
911504
943405
91865
297759
520143
453586
355563
393769
616122
959536
421265
710654
726940
444263
476338
160649
393166
731490
828780
489451
674903
879685
126768
970005
906174
438596
484042
483073
456852
77225
459280
850300
867438
214443
869338
19696
192650
914966
809544
824400
613234
713163
717210
216253
192431
344344
633270
304350
108012
888032
105730
159734
279939
240760
129799
150207
237551
458527
653711
779403
482172
553116
94860
372680
857541
144451
934926
995657
351123
706411
299780
241589
826756
379583
813377
779112
899219
735946
355551
125589
172907
882317
390937
82571
502104
687342
587532
733380
614489
157042
654187
218927
150781
403503
920211
552562
893347
727579
709022
149613
119655
937806
151332
189532
760413
662751
699618
321090
457863
482223
280825
2314
984
744221
122616
140955
708332
879739
752343
887911
586133
448018
267854
920603
912355
502355
563881
336759
893268
763691
943779
127972
266998
519108
208788
899103
951558
758861
478653
91780
768518
352973
319656
21561
836893
711937
227922
877714
797014
431176
704925
806886
666240
582072
463643
917437
875870
170339
191695
625933
122689
562981
573610
112846
774099
506075
318099
668010
80209
476013
955822
560872
710541
176038
454754
454330
691037
797919
858214
748221
665920
396106
377148
58962
248856
190050
684058
50806
712097
531295
659498
282686
247342
498255
960204
639216
827417
856161
515460
307357
316369
326523
248363
439423
882879
523856
872229
421881
137081
452491
768844
627022
355912
418681
531943
255623
12279
549171
401718
243679
856885
653873
247926
581049
499965
904857
32094
916011
738023
94557
423208
154617
405628
91899
914236
330033
895233
435171
924880
253429
472755
825106
843481
68363
370425
41373
200226
534859
311301
571824
445443
652749
515216
978319
479207
597382
460238
828266
818735
151088
286475
390399
352762
153006
993048
360466
100460
505934
710012
671902
427512
35245
743930
123265
262962
820621
670745
673755
74848
361246
57731
17028
595862
199467
966045
528415
515998
42682
948001
119334
879132
380120
993483
543123
614588
497265
685325
537650
210997
318971
535061
11163
784287
851169
131980
569086
818681
94650
847052
721442
361576
142427
589202
424544
950556
979986
667923
408590
642249
36296
529757
377192
124984
299390
816347
378978
535197
345851
351236
828925
594156
736504
767175
72443
448105
214520
204418
453540
870502
86027
965259
375177
587110
162009
26253
271640
558736
54011
665398
86166
326099
321036
138449
239807
538369
602494
771182
57704
681177
99531
160364
695400
749535
507208
486390
179942
212014
191421
528824
788331
449208
251204
589622
560086
864129
328856
617702
852520
825441
112552
796201
958779
364808
419705
306530
522197
283957
320942
980921
789352
790251
746383
860109
282081
554490
455782
1059
760061
832660
715527
150043
55444
3481
837567
481135
545082
113362
242797
574290
380406
185284
524587
199209
706946
611709
233030
512299
702298
715755
668678
649099
461272
909371
773203
790975
318775
10139
406562
943707
774051
485754
594157
430674
554338
291407
167408
471706
712424
742699
76738
890613
812270
545710
262627
623192
931790
785207
578996
139531
254494
778380
890494
459426
675252
239839
143319
140140
993659
6897
236042
417669
685815
553582
705837
754834
846803
916523
175789
14117
987439
283333
775173
655334
896235
999803
207194
36340
577924
859793
173592
550384
330799
302869
614357
901127
694814
189464
840812
933310
299500
609535
554303
694506
464873
244544
889242
595203
799474
8389
702327
907757
428394
482923
69112
349672
941619
308611
330199
36574
641486
539102
552958
771583
289695
697014
207642
20075
802664
131747
481142
264852
352533
361781
515344
962207
124470
544719
23556
443356
723994
547685
36876
700148
476527
355803
807409
634180
811646
653012
257227
562634
663339
310996
436944
293891
572629
530234
637267
95701
568307
372098
488176
266205
183996
110448
256322
624169
294858
1467
800221
103371
114837
835857
219119
264243
366234
690208
104497
123798
638804
155102
708731
405951
507416
584679
34070
484862
428163
512977
333740
743687
525804
821084
337637
312579
504321
849085
465699
648957
331719
839060
686114
848722
484793
609272
592063
51505
195413
512544
804531
651188
762868
669124
320132
23299
924231
409843
787894
114867
983783
370645
559109
944435
761698
874708
366936
967932
939982
81178
580292
470850
459751
906342
578109
942444
798099
297924
109448
520778
155959
8677
761934
518353
391573
341919
340821
150229
399541
277847
64790
496412
165364
112066
778817
497325
913092
1720
651435
168225
242995
202860
111235
941165
451412
956428
649058
20597
1232
928659
897049
242926
424426
402265
438354
236536
483944
442915
712075
715286
788166
504927
283123
736727
964286
192482
537466
400751
75879
537961
447096
142963
973080
405169
598837
830359
340814
758422
885178
838991
151361
172934
567900
181260
212833
290112
316024
254397
356288
963644
23869
555003
232963
697434
983844
603645
552217
71077
338488
657931
123135
187735
699550
575017
152476
595833
696360
380922
672783
541178
814836
883208
642446
39112
791410
647748
479636
934559
627526
174480
510830
486794
850606
429679
868962
799110
342477
504759
743540
663034
27715
8514
933664
732212
119564
498724
393412
840579
882690
411041
787060
269086
928750
341896
29005
709281
616396
434998
800849
12903
901968
957948
187024
824783
965741
839938
812650
220385
622519
79856
305448
186123
180869
85953
30699
444865
324917
436269
998238
823984
303925
469050
637677
249891
291588
943351
947527
20609
48016
624036
901328
323849
827561
617612
135499
927876
935323
144071
936418
549717
70250
906639
615683
901819
994941
500666
130763
713939
548686
272352
532205
829849
243860
538663
647472
574541
844982
155370
635546
91229
378608
567847
346205
950991
930605
899237
114676
561826
590432
476153
928161
346953
750944
819726
167941
250955
183493
348982
102683
371946
413931
367133
368909
407018
